Record Nn' Vn' Fn' On'  Nv   Vv  Fv' Ov' No' Vo' Fo'  Q Se   Q +P   V Se   V +P  V FPR
 100  1795   0   0   0  77    1   0   0   0   0   0 100.00 100.00 100.00   1.28  4.113
 101  1517   0   0   0   1    0   0   0   0   0   0 100.00 100.00      -   0.00  0.066
 102     1   0   0   0   0    3   0   0   0   0   0 100.00 100.00 100.00 100.00  0.000
 103  1611   0   0   0 116    0   0   0   0   0   0 100.00 100.00      -   0.00  6.717
 104    98   1   0   0   0    0   0   0   0   0   0 100.00 100.00   0.00      -  0.000
 105  2083  22   0   0  38    7   0   0   0   0   0 100.00 100.00  24.14  15.56  1.792
 106  1233 140   0   0   3  320   0   0   0   0   0 100.00 100.00  69.57  99.07  0.243
 108  1033   2   0   0 427   11   0   0   0   0   0 100.00 100.00  84.62   2.51 29.247
 112  2104   0   0   0   5    0   0   0   0   0   0 100.00 100.00      -   0.00  0.237
 113  1482   0   0   0  19    0   0   0   0   0   0 100.00 100.00      -   0.00  1.266
 114  1479   0   0   0  80   30   0   0   0   0   0 100.00 100.00 100.00  27.27  5.131
 115  1360   0   0   0 277    0   0   0   0   0   0 100.00 100.00      -   0.00 16.921
 116     0   0   0   0 1918   98   0   0   0   0   0 100.00 100.00 100.00   4.86 100.000
 117    74   0   0   0 1209    0   0   0   0   0   0 100.00 100.00      -   0.00 94.232
 119   720   0   0   0 577  364   0   0   0   0   0 100.00 100.00 100.00  38.68 44.487
 121  1271   0   0   0 287    1   0   0   0   0   0 100.00 100.00 100.00   0.35 18.421
 122  2034   0   0   0  20    0   0   0   0   0   0 100.00 100.00      -   0.00  0.974
 123   915   0   0   0 351    3   0   0   0   0   0 100.00 100.00 100.00   0.85 27.725
 200  1399  77   0   0  39  623   0   0   0   0   0 100.00 100.00  89.00  94.11  2.712
 201  1185   0   0   0   0  198   0   0   0   0   0 100.00 100.00 100.00 100.00  0.000
 202  1800   1   0   0   0   14   0   0   0   0   0 100.00 100.00  93.33 100.00  0.000
 203  2029  12   0   0  74  361   0   0   0   0   0 100.00 100.00  96.78  82.99  3.519
 205  2123   1   0   0   0   64   0   0   0   0   0 100.00 100.00  98.46 100.00  0.000
 208  1292 298   0   0  16  526   0   0   0   0   0 100.00 100.00  63.83  97.05  1.223
 209  2144   0   0   0   2    1   0   0   0   0   0 100.00 100.00 100.00  33.33  0.093
 210  2009  33   0   0   1  131   0   0   0   0   0 100.00 100.00  79.88  99.24  0.050
 212   794   0   0   0   0    0   0   0   0   0   0 100.00 100.00      -      -  0.000
 213   435   0   0   0 1774  195   0   0   0   0   0 100.00 100.00 100.00   9.90 80.308
 215  2661  25   0   0   0  106   0   0   0   0   0 100.00 100.00  80.92 100.00  0.000
 217   235  72   0   0   0   68   0   0   0   0   0 100.00 100.00  48.57 100.00  0.000
 219  1598   0   0   0 117   51   0   0   0   0   0 100.00 100.00 100.00  30.36  6.822
 220  1109   0   0   0 492    0   0   0   0   0   0 100.00 100.00      -   0.00 30.731
 221  1704 285   0   0   0   31   0   0   0   0   0 100.00 100.00   9.81 100.00  0.000
 222  1691   0   0   0   4    0   0   0   0   0   0 100.00 100.00      -   0.00  0.236
 223  1628 243   0   0  28  212   0   0   0   0   0 100.00 100.00  46.59  88.33  1.691
 228  1237   0   0   0 161  302   0   0   0   0   0 100.00 100.00 100.00  65.23 11.516
 230  1858   0   0   0   0    1   0   0   0   0   0 100.00 100.00 100.00 100.00  0.000
 231   302   0   0   0   0    0   0   0   0   0   0 100.00 100.00      -      -  0.000
 233  1851   0   0   0   8  692   0   0   0   0   0 100.00 100.00 100.00  98.86  0.430
 234  2238   0   0   0   0    3   0   0   0   0   0 100.00 100.00 100.00 100.00  0.000
______________________________________________________________________________________
Sum   54132 1212   0   0 8121 4417   0   0   0   0   0
Gross                                                  100.00 100.00  78.47  35.23 13.045
Average                                                100.00 100.00  82.26  48.37 12.273
Total QRS complexes: 67882  Total VEBs: 5629

Summary of results from 40 records
Sensitivity (Se): .869
Specificity(Sp): .784
Precision(+P): .978
Negative predictivity(-P): .352
