Record Nn' Vn' Fn' On'  Nv   Vv  Fv' Ov' No' Vo' Fo'  Q Se   Q +P   V Se   V +P  V FPR
s20011 99601   1   0   0  48    1   0   0   0   0   0 100.00 100.00  50.00   2.04  0.048
s20021 88379  30   0   0  13  107   0   0   0   0   0 100.00 100.00  78.10  89.17  0.015
s20031 106102   0   0   0 575    1   0   0   0   0   0 100.00 100.00 100.00   0.17  0.539
s20041 102523 153   0   0  19 6255   0   0   0   0   0 100.00 100.00  97.61  99.70  0.019
s20051 74559   0   0   0 37626    2   0   0   0   0   0 100.00 100.00 100.00   0.01 33.539
s20061 116674   3   0   0   3  769   0   0   0   0   0 100.00 100.00  99.61  99.61  0.003
s20071 85313   0   0   0   0    5   0   0   0   0   0 100.00 100.00 100.00 100.00  0.000
s20081 111238 101   0   0   0 1189   0   0   0   0   0 100.00 100.00  92.17 100.00  0.000
s20101 69754 897   0   0 383 6183   0   0   0   0   0 100.00 100.00  87.33  94.17  0.546
s20111 84767   1   0   0  35    2   0   0   0   0   0 100.00 100.00  66.67   5.41  0.041
s20121 84521  21   0   0 102  557   0   0   0   0   0 100.00 100.00  96.37  84.52  0.121
s20131 105297   4   0   0  59  490   0   0   0   0   0 100.00 100.00  99.19  89.25  0.056
s20151 79015   9   0   0 161  157   0   0   0   0   0 100.00 100.00  94.58  49.37  0.203
s20161 75811   3   0   0 7518    5   0   0   0   0   0 100.00 100.00  62.50   0.07  9.022
s20171 125659   1   0   0 397    8   0   0   0   0   0 100.00 100.00  88.89   1.98  0.315
s20181 106406   3   0   0   9  120   0   0   0   0   0 100.00 100.00  97.56  93.02  0.008
s20191 96890   3   0   0 351    4   0   0   0   0   0 100.00 100.00  57.14   1.13  0.361
s20201 81797   1   0   0 9150   10   0   0   0   0   0 100.00 100.00  90.91   0.11 10.061
s20211 99148   1   0   0 176   16   0   0   0   0   0 100.00 100.00  94.12   8.33  0.177
s20221 117520  11   0   0  15   16   0   0   0   0   0 100.00 100.00  59.26  51.61  0.013
s20231 99982   0   0   0 2656    2   0   0   0   0   0 100.00 100.00 100.00   0.08  2.588
s20241 91982   1   0   0   0    5   0   0   0   0   0 100.00 100.00  83.33 100.00  0.000
s20251 101130   3   0   0 6793    4   0   0   0   0   0 100.00 100.00  57.14   0.06  6.294
s20261 101129  74   0   0   6  672   0   0   0   0   0 100.00 100.00  90.08  99.12  0.006
s20271 95224 812   0   0 10671 7078   0   0   0   0   0 100.00 100.00  89.71  39.88 10.077
s20272 117151  39   0   0  80  322   0   0   0   0   0 100.00 100.00  89.20  80.10  0.068
s20273 99026 153   0   0 4044  453   0   0   0   0   0 100.00 100.00  74.75  10.07  3.924
s20274 93665  92   0   0 26355  606   0   0   0   0   0 100.00 100.00  86.82   2.25 21.959
s20291 72176 150   0   0 3495  260   0   0   0   0   0 100.00 100.00  63.41   6.92  4.619
s20301 105677   5   0   0 634   19   0   0   0   0   0 100.00 100.00  79.17   2.91  0.596
s20311 84859   0   0   0 997    3   0   0   0   0   0 100.00 100.00 100.00   0.30  1.161
s20321 86083   7   0   0 5255  193   0   0   0   0   0 100.00 100.00  96.50   3.54  5.753
s20331 77405   0   0   0 671    6   0   0   0   0   0 100.00 100.00 100.00   0.89  0.859
s20341 99479  10   0   0 175   77   0   0   0   0   0 100.00 100.00  88.51  30.56  0.176
s20351 118449   2   0   0   5  794   0   0   0   0   0 100.00 100.00  99.75  99.37  0.004
s20361 105346   3   0   0   4    8   0   0   0   0   0 100.00 100.00  72.73  66.67  0.004
s20371 95392   0   0   0   1    5   0   0   0   0   0 100.00 100.00 100.00  83.33  0.001
s20381 102765   6   0   0  51   47   0   0   0   0   0 100.00 100.00  88.68  47.96  0.050
s20391 102011   0   0   0  98  201   0   0   0   0   0 100.00 100.00 100.00  67.22  0.096
s20401 76899   7   0   0  85   54   0   0   0   0   0 100.00 100.00  88.52  38.85  0.110
s20411 84106   3   0   0   0   20   0   0   0   0   0 100.00 100.00  86.96 100.00  0.000
s20421 87287  16   0   0   3   76   0   0   0   0   0 100.00 100.00  82.61  96.20  0.003
s20431 102007   5   0   0   0   28   0   0   0   0   0 100.00 100.00  84.85 100.00  0.000
s20441 89297   2   0   0   0 3414   0   0   0   0   0 100.00 100.00  99.94 100.00  0.000
s20451 87664   0   0   0  78    3   0   0   0   0   0 100.00 100.00 100.00   3.70  0.089
s20461 98356   0   0   0 106    2   0   0   0   0   0 100.00 100.00 100.00   1.85  0.108
s20471 114804   6   0   0  75   55   0   0   0   0   0 100.00 100.00  90.16  42.31  0.065
s20491 95134  50   0   0 647  695   0   0   0   0   0 100.00 100.00  93.29  51.79  0.675
s20501 127230  26   0   0 414  476   0   0   0   0   0 100.00 100.00  94.82  53.48  0.324
s20511 71266   3   0   0 11087    5   0   0   0   0   0 100.00 100.00  62.50   0.05 13.463
s20521 74549   3   0   0 389   10   0   0   0   0   0 100.00 100.00  76.92   2.51  0.519
s20531  4266  13   0   0   0   48   0   0   0   0   0 100.00 100.00  78.69 100.00  0.000
s20541 113781  10   0   0  22  551   0   0   0   0   0 100.00 100.00  98.22  96.16  0.019
s20551 86811   4   0   0 6800  107   0   0   0   0   0 100.00 100.00  96.40   1.55  7.264
s20561 96338   0   0   0 3981    3   0   0   0   0   0 100.00 100.00 100.00   0.08  3.968
s20571 85921 431   0   0 128 1821   0   0   0   0   0 100.00 100.00  80.86  93.43  0.149
s20581 84486   0   0   0  82   18   0   0   0   0   0 100.00 100.00 100.00  18.00  0.097
s20591 83746   1   0   0  41    2   0   0   0   0   0 100.00 100.00  66.67   4.65  0.049
s20601 109511   0   0   0 6975    2   0   0   0   0   0 100.00 100.00 100.00   0.03  5.988
s20621 107568 409   0   0 2986  966   0   0   0   0   0 100.00 100.00  70.25  24.44  2.701
s20641 83399 252   0   0 241  524   0   0   0   0   0 100.00 100.00  67.53  68.50  0.288
s20651 81748  93   0   0 16086  238   0   0   0   0   0 100.00 100.00  71.90   1.46 16.442
s30661 120680  32   0   0 1580   28   0   0   0   0   0 100.00 100.00  46.67   1.74  1.292
s30671 98225  15   0   0  11  332   0   0   0   0   0 100.00 100.00  95.68  96.79  0.011
s30681 125059   9   0   0 997    6   0   0   0   0   0 100.00 100.00  40.00   0.60  0.791
s30691 101322   0   0   0   5    1   0   0   0   0   0 100.00 100.00 100.00  16.67  0.005
s30711 133744 165   0   0  36 18779   0   0   0   0   0 100.00 100.00  99.13  99.81  0.027
s30721 103459  61   0   0  55  273   0   0   0   0   0 100.00 100.00  81.74  83.23  0.053
s30731 100028  13   0   0 5346   23   0   0   0   0   0 100.00 100.00  63.89   0.43  5.073
s30732 95828  12   0   0 135   13   0   0   0   0   0 100.00 100.00  52.00   8.78  0.141
s30751 102118 409   0   0   3 3046   0   0   0   0   0 100.00 100.00  88.16  99.90  0.003
s30752 113977 829   0   0  46 5143   0   0   0   0   0 100.00 100.00  86.12  99.11  0.040
s30761 112017 889   0   0 1099 2315   0   0   0   0   0 100.00 100.00  72.25  67.81  0.972
s30771 73658   1   0   0 687    5   0   0   0   0   0 100.00 100.00  83.33   0.72  0.924
s30781 107815  15   0   0  70  393   0   0   0   0   0 100.00 100.00  96.32  84.88  0.065
s30791 99927  21   0   0   2   36   0   0   0   0   0 100.00 100.00  63.16  94.74  0.002
______________________________________________________________________________________
Sum  7293936 6405   0   0 178929 66163   0   0   0   0   0
Gross                                                  100.00 100.00  91.17  27.00  2.394
Average                                                100.00 100.00  84.62  45.59  2.303
Total QRS complexes: 7545433  Total VEBs: 72568

Summary of results from 76 records
